Arquivo,Tamanho (KB),Data Modificação
TG019_19609_67501_00450_019_20251207161646_91.13.BIN,4.37,07/12/2025 18:01
